object Form1: TForm1
  Left = 0
  Top = 0
  Caption = 'Form1'
  ClientHeight = 480
  ClientWidth = 640
  FormFactor.Width = 320
  FormFactor.Height = 480
  FormFactor.Devices = [Desktop]
  OnCreate = FormCreate
  DesignerMasterStyle = 0
  object Memo1: TMemo
    Touch.InteractiveGestures = [Pan, LongTap, DoubleTap]
    DataDetectorTypes = []
    ReadOnly = True
    Align = Client
    Margins.Left = 10.000000000000000000
    Margins.Top = 10.000000000000000000
    Margins.Right = 10.000000000000000000
    Margins.Bottom = 10.000000000000000000
    Size.Width = 620.000000000000000000
    Size.Height = 386.000000000000000000
    Size.PlatformDefault = False
    TabOrder = 0
    Viewport.Width = 616.000000000000000000
    Viewport.Height = 382.000000000000000000
  end
  object Layout1: TLayout
    Align = Top
    Margins.Left = 5.000000000000000000
    Margins.Top = 5.000000000000000000
    Margins.Right = 5.000000000000000000
    Margins.Bottom = 5.000000000000000000
    Position.X = 5.000000000000000000
    Position.Y = 5.000000000000000000
    Size.Width = 630.000000000000000000
    Size.Height = 64.000000000000000000
    Size.PlatformDefault = False
    TabOrder = 1
    object edtPseudo: TEdit
      Touch.InteractiveGestures = [LongTap, DoubleTap]
      Align = Top
      TabOrder = 0
      Position.X = 5.000000000000000000
      Position.Y = 5.000000000000000000
      Margins.Left = 5.000000000000000000
      Margins.Top = 5.000000000000000000
      Margins.Right = 5.000000000000000000
      Margins.Bottom = 5.000000000000000000
      Size.Width = 510.000000000000000000
      Size.Height = 22.000000000000000000
      Size.PlatformDefault = False
    end
    object edtTexte: TEdit
      Touch.InteractiveGestures = [LongTap, DoubleTap]
      Align = Top
      TabOrder = 1
      Position.X = 5.000000000000000000
      Position.Y = 37.000000000000000000
      Margins.Left = 5.000000000000000000
      Margins.Top = 5.000000000000000000
      Margins.Right = 5.000000000000000000
      Margins.Bottom = 5.000000000000000000
      Size.Width = 510.000000000000000000
      Size.Height = 22.000000000000000000
      Size.PlatformDefault = False
    end
    object btnSend: TButton
      Align = MostRight
      Margins.Left = 5.000000000000000000
      Margins.Top = 5.000000000000000000
      Margins.Right = 5.000000000000000000
      Margins.Bottom = 5.000000000000000000
      Position.X = 525.000000000000000000
      Position.Y = 5.000000000000000000
      Size.Width = 100.000000000000000000
      Size.Height = 54.000000000000000000
      Size.PlatformDefault = False
      TabOrder = 2
      Text = 'btnSend'
      OnClick = btnSendClick
    end
  end
end
